 228
 734
 643
 123
 144
 759
 257
 379
 184
 554
 226
 913
 862
 639
  17
 188
 978
 305
 137
 573
 504
 487
 415
 733
 339
 321
 866
  58
 421
 534
 556
 784
 312
 993
 702
  97
 385
 377
 426
 887
 352
 778
 814
 609
 857
 307
 182
 658
 864
 490
  21
 943
 276
  82
 624
 163
 540
 189
 288
 699
 280
 371
 774
 333
  43
 716
  56
 219
   9
 882
 950
 229
 652
 513
 936
 741
 878
 116
 508
 916
 688
 714
 341
 924
 844
  88
 755
 590
 151
 825
 793
 354
 884
 771
 202
 368
 629
 698
 988
 559
 579
  91
 947
 407
 294
  96
 263
 983
 896
 153
 925
 139
 336
  49
 434
 762
 316
 453
 230
 485
 374
 304
 990
 811
 726
 842
 353
 606
 313
 300
  94
 408
 462
  54
 954
 301
 544
 555
 526
  61
 278
 478
 823
 384
 252
 879
 763
 739
 447
 296
 920
 931
 315
 843
 342
 265
 612
 830
 340
 349
 772
 780
 695
 756
 641
 584
 317
 503
 704
  71
 488
  32
 176
 581
 890
 531
 344
 201
 505
 644
 397
 471
 122
 709
 694
 299
 596
 915
 191
 102
  31
 569
 190
 439
 332
 572
 132
 154
 585
 114
  36
  87
 491
 244
 764
 172
 972
 236
  38
 424
 347
 675
 798
 876
 160
 895
 425
 271
 383
 537
 832
 766
 259
 865
 930
 486
 995
 669
 530
 941
 520
 469
 860
 496
 598
 800
 501
 266
 632
 232
 727
 821
 654
 757
 532
 431
 514
 323
 664
   6
 521
 622
 365
 125
 718
 442
 593
 142
 919
 828
  80
 457
 351
 645
 399
 195
 507
 248
 423
 750
 157
 410
 516
 135
  85
 587
 899
 742
 335
 600
 481
 357
  83
 199
 715
 806
 220
 215
 852
 608
  20
 799
 736
 279
 211
 858
 429
 965
 568
 179
 112
 697
 906
 470
 570
 133
 601
 378
 388
 148
 701
  11
 458
 989
 482
 267
 781
 588
 498
 119
 749
 847
 748
 797
 817
 100
 651
 837
 665
 636
 625
 549
 466
 760
 480
 789
   3
 980
 805
  13
 721
 314
 175
 141
 583
 494
 577
 293
 633
 355
 360
 209
 430
 105
 538
 754
 306
 910
 158
 901
 247
 261
 427
 387
   2
 649
 563
 815
 444
 603
 242
 338
 706
 743
 933
 984
 445
 871
 522
 974
 420
  51
 449
 589
 957
 477
 251
 240
 183
 197
  69
 914
 773
 437
 776
 682
 597
 621
 223
 813
 620
 647
 109
  73
 732
  90
 274
 542
  34
  28
 159
 246
 960
 779
 414
  42
 676
 539
 861
 380
 687
 366
 838
 506
 467
 802
  99
 277
 966
 939
  12
 713
 705
 249
 166
 969
 110
 370
 678
 395
 495
 546
 653
 401
 409
 650
 422
 492
 164
 436
 834
 782
 816
 617
 594
 405
 785
 872
 833
 928
 640
 346
 719
 927
 509
  40
 192
 710
  84
 328
 241
 744
 411
 888
  52
 441
 646
 566
 302
 287
 171
 907
 667
 786
 796
  35
 553
 479
 533
 451
 684
 903
 803
 769
 180
 227
 432
 822
 607
 571
 839
 955
 846
 147
 655
 662
 452
 156
 373
 221
 381
 511
 233
 120
 386
 692
 975
 908
 851
  78
 904
 330
 826
 149
 162
 918
 666
 604
 551
  39
  45
 404
 343
 703
 372
 982
 831
 845
 949
 245
 177
  65
  77
 819
 239
 792
  59
 638
 729
 518
 417
 921
 523
 334
 614
 319
 902
 783
 818
  57
 275
 885
 502
 777
 668
 737
 295
  53
 298
   1
 118
 413
 794
 290
 234
 595
 735
  62
 976
 829
  89
  29
 856
 129
 128
 959
   4
 889
  33
 270
 309
 169
 674
 747
 963
 167
 836
   8
 165
 642
 283
   5
 186
 517
 951
 322
 203
 775
   7
 382
  76
 348
 345
 999
 869
 787
 262
 212
 224
 475
  70
 260
 213
 605
 985
 661
 237
 398
 359
 935
 235
 416
 476
 938
 208
 218
 767
 835
 870
 253
 812
 412
 685
 200
 745
 707
 722
 873
 929
 310
 875
 552
  30
 991
 217
  95
 435
 848
 512
 308
 859
 562
 717
 238
 670
 696
 173
 973
 193
  50
 841
 657
 576
 582
  72
 396
 610
 923
 656
 115
 527
 107
 945
  44
  18
 728
 150
 281
 206
  98
 204
 406
 720
 953
 922
 438
 402
 979
 403
 459
 724
 358
  79
 883
  48
 187
 393
 986
 827
 489
 548
 497
 671
 268
 765
 753
 967
 362
 635
 510
 529
 103
 284
 690
 893
 946
 592
 181
 222
 440
 574
 455
 168
 619
 807
 586
 390
 174
 911
 971
 892
 525
 500
 117
 886
 269
 256
 448
 791
 659
 578
 942
 626
 623
 894
 863
 565
 631
 194
 613
 286
 877
 108
 473
 272
 731
 136
 337
 499
 325
 145
 361
 231
 258
 711
 121
 948
 210
 326
 456
 450
 178
 484
  60
 216
 152
 311
 768
 329
 134
 143
 225
 615
 992
 693
 356
 515
 940
 681
 611
 867
 524
  75
 324
 627
 536
 101
 519
 558
 897
 285
 196
 808
 461
 460
 840
 809
 788
 708
 127
 937
 790
 618
 723
 855
 463
 454
 761
 493
 394
 686
 746
  66
 853
 198
 364
  67
 580
 138
 289
 400
 900
 104
 758